# machine-generated by `judge annotate` — REVIEW BY EAR before trusting as ground truth
0.0120
0.1530
0.2740
0.3950
0.5180
0.6350
0.7530
0.8870
1.0230
1.1540
1.2710
1.3910
1.5190
1.6740
2.3890
2.5130
2.6350
2.7620
2.8820
2.9990
3.1350
3.2570
3.3830
3.5160
3.6380
3.7580
3.9200
4.0480
4.1710
4.8080
4.9280
5.0600
5.1800
5.3010
5.4290
5.5640
5.6910
5.8250
6.0240
6.1480
6.3010
6.4210
6.6210
6.7480
6.9410
7.2140
7.3340
7.4620
7.5840
7.7080
7.8300
7.9590
8.0800
8.2090
8.3280
8.4480
8.5660
8.6830
8.8070
8.9380
9.0610
9.3140
9.5960
9.7170
9.8400
9.9600
10.0810
10.2060
10.3260
10.4570
10.5800
10.7200
10.8370
10.9770
11.1170
11.2480
11.3880
12.0030
12.1250
12.2520
12.3710
12.4940
12.6290
12.7510
12.8820
13.0050
13.1290
13.2570
13.3920
13.5170
13.6460
13.8750
14.3560
14.4930
14.6130
14.7330
14.8560
14.9960
15.1130
15.3140
15.4670
15.6470
15.7730
15.9540
16.2520
16.4100
16.5700
16.8260
16.9550
17.0810
17.2010
17.3220
17.4490
17.5820
17.7050
17.8220
17.9480
18.0710
18.1900
18.3240
18.4490
18.5770
18.7010
18.8230
18.9440
