# machine-generated by `judge annotate` — REVIEW BY EAR before trusting as ground truth
0.0060
0.1320
0.2530
0.3730
0.4900
0.6220
0.7520
0.8750
0.9940
1.1140
1.2350
1.3630
1.4830
1.6040
1.7240
1.8460
1.9650
2.0840
2.2050
2.3310
2.4590
2.5780
2.7000
2.8210
2.9450
3.0770
3.1970
3.3210
3.4480
3.5690
3.6870
3.8060
3.9310
4.0510
4.1690
4.2890
4.4080
4.5410
4.6580
4.7840
4.9050
5.0260
5.1500
5.2710
5.4040
5.5250
5.6450
5.7650
5.8880
6.0070
6.1300
6.2550
6.3770
6.5000
6.6180
6.7400
6.8670
6.9900
7.1090
7.2290
7.3500
7.4690
7.5880
7.7080
7.8310
7.9490
8.0750
8.2000
8.3210
8.4410
8.5700
8.6930
8.8200
8.9370
9.0580
9.1780
9.3040
9.4220
9.5420
9.6640
9.7830
9.9070
10.0300
10.1520
10.2760
10.4000
10.5230
10.6430
10.7730
10.8930
11.0240
11.1470
11.2670
