# machine-generated by `judge annotate` — REVIEW BY EAR before trusting as ground truth
0.0300
0.1490
0.2810
0.4020
0.5250
0.6440
0.7670
0.8880
1.0100
1.1290
1.2530
1.3700
1.4900
1.6100
1.7310
1.8510
1.9710
2.0900
2.2070
2.3290
2.4510
2.5780
2.6990
2.8200
2.9390
3.0600
3.1820
3.3020
3.4250
3.5450
3.6620
3.7900
3.9090
4.0340
4.1530
4.2750
4.3950
4.5180
4.6390
4.7580
4.8780
5.0000
5.1200
5.2390
5.3620
5.4810
5.6090
5.7350
5.8550
5.9720
6.0940
6.2210
6.3420
6.4600
6.5790
6.6990
6.8240
6.9480
7.0840
7.2050
7.3230
7.4440
7.5620
7.6820
7.8040
7.9270
8.0440
8.1630
8.2920
8.4120
8.5330
8.6540
8.7770
8.8960
9.0150
9.1410
9.2610
9.3830
9.5050
9.6260
9.7450
9.8660
9.9910
10.1100
10.2280
10.3570
10.4830
10.6030
10.7250
10.8450
10.9720
11.0940
11.2160
11.3350
11.4560
11.5750
11.6970
11.8180
11.9350
12.0580
12.1810
12.3060
12.4270
12.5460
12.6630
12.7830
12.9030
13.0260
13.1440
13.2620
13.3830
13.5020
13.6270
13.7490
13.8770
13.9940
14.1150
14.2360
